[2392.761142018031, 0, 686.1570266023233;
  0, 2387.344790220213, 507.8018839299676;
  0, 0, 1]
[-0.3853191236697208, -0.4463996748773676, 0.001215090175808058, -0.002915666057459718, 0.1360056798066601]
[-0.1657308594401609, 0.8308939313852785, 0.5311765780005194, 0.2553903065662678;
  -0.9395400623773776, 0.03063615576781575, -0.3410658252415268, -0.2689536854864304;
  -0.2996627327799357, -0.555586807570956, 0.7755807796973664, 1.123800999563545;
  0, 0, 0, 1]
[2401.387981447451, 0, 691.9216735852268;
  0, 2398.351383685467, 506.1636362753753;
  0, 0, 1]
[-0.4462436064285772, 0.5175484766959011, 0.000677872612826109, -0.0007766091162546327, -0.2635059052943683]
[-0.5010264037942438, 0.8275263281984961, 0.2533233483896074, -0.01550201924337891;
  -0.496884962002121, -0.03540351616866033, -0.8670939542973681, -0.8148853702970535;
  -0.708574538942205, -0.5603095280121608, 0.4289234845303197, 0.9051807094399694;
  0, 0, 0, 1]
[2401.387981447451, 0, 691.9216735852268;
  0, 2398.351383685467, 506.1636362753753;
  0, 0, 1]
[-0.4462436064285772, 0.5175484766959011, 0.000677872612826109, -0.0007766091162546327, -0.2635059052943683]
[0.2304127077117858, 0.9576689225087134, 0.1725694613363652, -0.4198054946389176;
  -0.4315603656184901, 0.2595137416054418, -0.8639492281061307, -0.5219862220415394;
  -0.8721614729808685, 0.1245907411445333, 0.4730872142310523, -0.239595536543998;
  0, 0, 0, 1]
[2401.387981447451, 0, 691.9216735852268;
  0, 2398.351383685467, 506.1636362753753;
  0, 0, 1]
[-0.4462436064285772, 0.5175484766959011, 0.000677872612826109, -0.0007766091162546327, -0.2635059052943683]
[-0.5010264037942438, 0.8275263281984961, 0.2533233483896074, -0.01550201924337891;
  -0.496884962002121, -0.03540351616866033, -0.8670939542973681, -0.8148853702970535;
  -0.708574538942205, -0.5603095280121608, 0.4289234845303197, 0.9051807094399694;
  0, 0, 0, 1]
[2401.387981447451, 0, 691.9216735852268;
  0, 2398.351383685467, 506.1636362753753;
  0, 0, 1]
[-0.4462436064285772, 0.5175484766959011, 0.000677872612826109, -0.0007766091162546327, -0.2635059052943683]
[-0.5010264037942438, 0.8275263281984961, 0.2533233483896074, -0.01550201924337891;
  -0.496884962002121, -0.03540351616866033, -0.8670939542973681, -0.8148853702970535;
  -0.708574538942205, -0.5603095280121608, 0.4289234845303197, 0.9051807094399694;
  0, 0, 0, 1]
[2401.387981447451, 0, 691.9216735852268;
  0, 2398.351383685467, 506.1636362753753;
  0, 0, 1]
[-0.4462436064285772, 0.5175484766959011, 0.000677872612826109, -0.0007766091162546327, -0.2635059052943683]
[-0.5010264037942438, 0.8275263281984961, 0.2533233483896074, -0.01550201924337891;
  -0.496884962002121, -0.03540351616866033, -0.8670939542973681, -0.8148853702970535;
  -0.708574538942205, -0.5603095280121608, 0.4289234845303197, 0.9051807094399694;
  0, 0, 0, 1]
[2401.387981447451, 0, 691.9216735852268;
  0, 2398.351383685467, 506.1636362753753;
  0, 0, 1]
[-0.4462436064285772, 0.5175484766959011, 0.000677872612826109, -0.0007766091162546327, -0.2635059052943683]
[-0.5010264037942438, 0.8275263281984961, 0.2533233483896074, -0.01550201924337891;
  -0.496884962002121, -0.03540351616866033, -0.8670939542973681, -0.8148853702970535;
  -0.708574538942205, -0.5603095280121608, 0.4289234845303197, 0.9051807094399694;
  0, 0, 0, 1]
[2401.387981447451, 0, 691.9216735852268;
  0, 2398.351383685467, 506.1636362753753;
  0, 0, 1]
[-0.4462436064285772, 0.5175484766959011, 0.000677872612826109, -0.0007766091162546327, -0.2635059052943683]
[-0.5010264037942438, 0.8275263281984961, 0.2533233483896074, -0.01550201924337891;
  -0.496884962002121, -0.03540351616866033, -0.8670939542973681, -0.8148853702970535;
  -0.708574538942205, -0.5603095280121608, 0.4289234845303197, 0.9051807094399694;
  0, 0, 0, 1]
[2401.387981447451, 0, 691.9216735852268;
  0, 2398.351383685467, 506.1636362753753;
  0, 0, 1]
[-0.4462436064285772, 0.5175484766959011, 0.000677872612826109, -0.0007766091162546327, -0.2635059052943683]
[-0.5010264037942438, 0.8275263281984961, 0.2533233483896074, -0.01550201924337891;
  -0.496884962002121, -0.03540351616866033, -0.8670939542973681, -0.8148853702970535;
  -0.708574538942205, -0.5603095280121608, 0.4289234845303197, 0.9051807094399694;
  0, 0, 0, 1]
[2401.387981447451, 0, 691.9216735852268;
  0, 2398.351383685467, 506.1636362753753;
  0, 0, 1]
[-0.4462436064285772, 0.5175484766959011, 0.000677872612826109, -0.0007766091162546327, -0.2635059052943683]
[-0.5010264037942438, 0.8275263281984961, 0.2533233483896074, -0.01550201924337891;
  -0.496884962002121, -0.03540351616866033, -0.8670939542973681, -0.8148853702970535;
  -0.708574538942205, -0.5603095280121608, 0.4289234845303197, 0.9051807094399694;
  0, 0, 0, 1]
[2401.387981447451, 0, 691.9216735852268;
  0, 2398.351383685467, 506.1636362753753;
  0, 0, 1]
[-0.4462436064285772, 0.5175484766959011, 0.000677872612826109, -0.0007766091162546327, -0.2635059052943683]
[-0.5010264037942438, 0.8275263281984961, 0.2533233483896074, -0.01550201924337891;
  -0.496884962002121, -0.03540351616866033, -0.8670939542973681, -0.8148853702970535;
  -0.708574538942205, -0.5603095280121608, 0.4289234845303197, 0.9051807094399694;
  0, 0, 0, 1]
[2401.387981447451, 0, 691.9216735852268;
  0, 2398.351383685467, 506.1636362753753;
  0, 0, 1]
[-0.4462436064285772, 0.5175484766959011, 0.000677872612826109, -0.0007766091162546327, -0.2635059052943683]
[-0.2331429925004119, 0.9724423402953444, -0.0004897436740270156, -0.04910443452768504;
  -0.8824278538008683, -0.2117735899438631, -0.420086930811566, -0.5401815115182034;
  -0.4086140329018888, -0.09750816070053778, 0.9074837357839818, 1.413251349506716;
  0, 0, 0, 1]
[2401.387981447451, 0, 691.9216735852268;
  0, 2398.351383685467, 506.1636362753753;
  0, 0, 1]
[-0.4462436064285772, 0.5175484766959011, 0.000677872612826109, -0.0007766091162546327, -0.2635059052943683]
[-0.2331429925004119, 0.9724423402953444, -0.0004897436740270156, -0.04910443452768504;
  -0.8824278538008683, -0.2117735899438631, -0.420086930811566, -0.5401815115182034;
  -0.4086140329018888, -0.09750816070053778, 0.9074837357839818, 1.413251349506716;
  0, 0, 0, 1]
[2401.387981447451, 0, 691.9216735852268;
  0, 2398.351383685467, 506.1636362753753;
  0, 0, 1]
[-0.4462436064285772, 0.5175484766959011, 0.000677872612826109, -0.0007766091162546327, -0.2635059052943683]
[-0.4528138757869248, 0.8751813341923718, -0.17034443394512, 0.9434272737074659;
  -0.8653997850505435, -0.3854298469060231, 0.3201984465116475, 0.5456027213142384;
  0.2145758745276277, 0.2924063361065548, 0.9319097213118039, 1.851506742927044;
  0, 0, 0, 1]
[2401.387981447451, 0, 691.9216735852268;
  0, 2398.351383685467, 506.1636362753753;
  0, 0, 1]
[-0.4462436064285772, 0.5175484766959011, 0.000677872612826109, -0.0007766091162546327, -0.2635059052943683]
[-0.5010264037942438, 0.8275263281984961, 0.2533233483896074, -0.01550201924337891;
  -0.496884962002121, -0.03540351616866033, -0.8670939542973681, -0.8148853702970535;
  -0.708574538942205, -0.5603095280121608, 0.4289234845303197, 0.9051807094399694;
  0, 0, 0, 1]
[2401.387981447451, 0, 691.9216735852268;
  0, 2398.351383685467, 506.1636362753753;
  0, 0, 1]
[-0.4462436064285772, 0.5175484766959011, 0.000677872612826109, -0.0007766091162546327, -0.2635059052943683]
[0.2248664828957005, 0.1216577866313879, -0.9667649392805208, 0.3994841814419104;
  0.1798502228801338, 0.9699452413227746, 0.1638905920584538, -0.2090031311690752;
  0.9576476190123816, -0.2107263908181793, 0.1962279949769149, 1.052493551288266;
  0, 0, 0, 1]
[2401.387981447451, 0, 691.9216735852268;
  0, 2398.351383685467, 506.1636362753753;
  0, 0, 1]
[-0.4462436064285772, 0.5175484766959011, 0.000677872612826109, -0.0007766091162546327, -0.2635059052943683]
[-0.5010264037942438, 0.8275263281984961, 0.2533233483896074, -0.01550201924337891;
  -0.496884962002121, -0.03540351616866033, -0.8670939542973681, -0.8148853702970535;
  -0.708574538942205, -0.5603095280121608, 0.4289234845303197, 0.9051807094399694;
  0, 0, 0, 1]
[2401.387981447451, 0, 691.9216735852268;
  0, 2398.351383685467, 506.1636362753753;
  0, 0, 1]
[-0.4462436064285772, 0.5175484766959011, 0.000677872612826109, -0.0007766091162546327, -0.2635059052943683]
[-0.5010264037942438, 0.8275263281984961, 0.2533233483896074, -0.01550201924337891;
  -0.496884962002121, -0.03540351616866033, -0.8670939542973681, -0.8148853702970535;
  -0.708574538942205, -0.5603095280121608, 0.4289234845303197, 0.9051807094399694;
  0, 0, 0, 1]
[2401.387981447451, 0, 691.9216735852268;
  0, 2398.351383685467, 506.1636362753753;
  0, 0, 1]
[-0.4462436064285772, 0.5175484766959011, 0.000677872612826109, -0.0007766091162546327, -0.2635059052943683]
[-0.5010264037942438, 0.8275263281984961, 0.2533233483896074, -0.01550201924337891;
  -0.496884962002121, -0.03540351616866033, -0.8670939542973681, -0.8148853702970535;
  -0.708574538942205, -0.5603095280121608, 0.4289234845303197, 0.9051807094399694;
  0, 0, 0, 1]
[2401.387981447451, 0, 691.9216735852268;
  0, 2398.351383685467, 506.1636362753753;
  0, 0, 1]
[-0.4462436064285772, 0.5175484766959011, 0.000677872612826109, -0.0007766091162546327, -0.2635059052943683]
[-0.5010264037942438, 0.8275263281984961, 0.2533233483896074, -0.01550201924337891;
  -0.496884962002121, -0.03540351616866033, -0.8670939542973681, -0.8148853702970535;
  -0.708574538942205, -0.5603095280121608, 0.4289234845303197, 0.9051807094399694;
  0, 0, 0, 1]
[2401.387981447451, 0, 691.9216735852268;
  0, 2398.351383685467, 506.1636362753753;
  0, 0, 1]
[-0.4462436064285772, 0.5175484766959011, 0.000677872612826109, -0.0007766091162546327, -0.2635059052943683]
[1, 7.944397311512704e-40, 2.459305996454296e-39, -5.222533755974001e-38;
  -7.944397311512704e-40, 1, 2.79267752589236e-37, 3.456654425204177e-31;
  -2.459305996454296e-39, -2.79267752589236e-37, 1, -1.886915517919752e-23;
  0, 0, 0, 1]
[2401.387981447451, 0, 691.9216735852268;
  0, 2398.351383685467, 506.1636362753753;
  0, 0, 1]
[-0.4462436064285772, 0.5175484766959011, 0.000677872612826109, -0.0007766091162546327, -0.2635059052943683]
[1, 8.932980770161934e-36, -2.046038127337791e-33, -2.582161471894106e-07;
  -8.932980770161934e-36, 1, -4.070990456108914e-35, -1.040847715320618e-32;
  2.046038127337791e-33, 4.070990456108914e-35, 1, -2.232056227939041e-32;
  0, 0, 0, 1]
[2401.387981447451, 0, 691.9216735852268;
  0, 2398.351383685467, 506.1636362753753;
  0, 0, 1]
[-0.4462436064285772, 0.5175484766959011, 0.000677872612826109, -0.0007766091162546327, -0.2635059052943683]
[1, 8.932980770161934e-36, -2.046038127337791e-33, -2.582161471894106e-07;
  -8.932980770161934e-36, 1, -4.070990456108914e-35, -1.040847715320618e-32;
  2.046038127337791e-33, 4.070990456108914e-35, 1, -2.232056227939041e-32;
  0, 0, 0, 1]
[2401.387981447451, 0, 691.9216735852268;
  0, 2398.351383685467, 506.1636362753753;
  0, 0, 1]
[-0.4462436064285772, 0.5175484766959011, 0.000677872612826109, -0.0007766091162546327, -0.2635059052943683]
[1, 8.932980770161934e-36, -2.046038127337791e-33, -2.582161471894106e-07;
  -8.932980770161934e-36, 1, -4.070990456108914e-35, -1.040847715320618e-32;
  2.046038127337791e-33, 4.070990456108914e-35, 1, -2.232056227939041e-32;
  0, 0, 0, 1]
[2401.387981447451, 0, 691.9216735852268;
  0, 2398.351383685467, 506.1636362753753;
  0, 0, 1]
[-0.4462436064285772, 0.5175484766959011, 0.000677872612826109, -0.0007766091162546327, -0.2635059052943683]
[1, 8.932980770161934e-36, -2.046038127337791e-33, -2.582161471894106e-07;
  -8.932980770161934e-36, 1, -4.070990456108914e-35, -1.040847715320618e-32;
  2.046038127337791e-33, 4.070990456108914e-35, 1, -2.232056227939041e-32;
  0, 0, 0, 1]
[2401.387981447451, 0, 691.9216735852268;
  0, 2398.351383685467, 506.1636362753753;
  0, 0, 1]
[-0.4462436064285772, 0.5175484766959011, 0.000677872612826109, -0.0007766091162546327, -0.2635059052943683]
[1, 8.932980770161934e-36, -2.046038127337791e-33, -2.582161471894106e-07;
  -8.932980770161934e-36, 1, -4.070990456108914e-35, -1.040847715320618e-32;
  2.046038127337791e-33, 4.070990456108914e-35, 1, -2.232056227939041e-32;
  0, 0, 0, 1]
[2401.387981447451, 0, 691.9216735852268;
  0, 2398.351383685467, 506.1636362753753;
  0, 0, 1]
[-0.4462436064285772, 0.5175484766959011, 0.000677872612826109, -0.0007766091162546327, -0.2635059052943683]
[1, 8.932980770161934e-36, -2.046038127337791e-33, -2.582161471894106e-07;
  -8.932980770161934e-36, 1, -4.070990456108914e-35, -1.040847715320618e-32;
  2.046038127337791e-33, 4.070990456108914e-35, 1, -2.232056227939041e-32;
  0, 0, 0, 1]
[2401.387981447451, 0, 691.9216735852268;
  0, 2398.351383685467, 506.1636362753753;
  0, 0, 1]
[-0.4462436064285772, 0.5175484766959011, 0.000677872612826109, -0.0007766091162546327, -0.2635059052943683]
[1, 8.932980770161934e-36, -2.046038127337791e-33, -2.582161471894106e-07;
  -8.932980770161934e-36, 1, -4.070990456108914e-35, -1.040847715320618e-32;
  2.046038127337791e-33, 4.070990456108914e-35, 1, -2.232056227939041e-32;
  0, 0, 0, 1]
[2401.387981447451, 0, 691.9216735852268;
  0, 2398.351383685467, 506.1636362753753;
  0, 0, 1]
[-0.4462436064285772, 0.5175484766959011, 0.000677872612826109, -0.0007766091162546327, -0.2635059052943683]
[1, 8.932980770161934e-36, -2.046038127337791e-33, -2.582161471894106e-07;
  -8.932980770161934e-36, 1, -4.070990456108914e-35, -1.040847715320618e-32;
  2.046038127337791e-33, 4.070990456108914e-35, 1, -2.232056227939041e-32;
  0, 0, 0, 1]
[2401.387981447451, 0, 691.9216735852268;
  0, 2398.351383685467, 506.1636362753753;
  0, 0, 1]
[-0.4462436064285772, 0.5175484766959011, 0.000677872612826109, -0.0007766091162546327, -0.2635059052943683]
[1, 8.932980770161934e-36, -2.046038127337791e-33, -2.582161471894106e-07;
  -8.932980770161934e-36, 1, -4.070990456108914e-35, -1.040847715320618e-32;
  2.046038127337791e-33, 4.070990456108914e-35, 1, -2.232056227939041e-32;
  0, 0, 0, 1]
[2401.387981447451, 0, 691.9216735852268;
  0, 2398.351383685467, 506.1636362753753;
  0, 0, 1]
[-0.4462436064285772, 0.5175484766959011, 0.000677872612826109, -0.0007766091162546327, -0.2635059052943683]
[1, 8.932980770161934e-36, -2.046038127337791e-33, -2.582161471894106e-07;
  -8.932980770161934e-36, 1, -4.070990456108914e-35, -1.040847715320618e-32;
  2.046038127337791e-33, 4.070990456108914e-35, 1, -2.232056227939041e-32;
  0, 0, 0, 1]
[2401.387981447451, 0, 691.9216735852268;
  0, 2398.351383685467, 506.1636362753753;
  0, 0, 1]
[-0.4462436064285772, 0.5175484766959011, 0.000677872612826109, -0.0007766091162546327, -0.2635059052943683]
[1, 8.932980770161934e-36, -2.046038127337791e-33, -2.582161471894106e-07;
  -8.932980770161934e-36, 1, -4.070990456108914e-35, -1.040847715320618e-32;
  2.046038127337791e-33, 4.070990456108914e-35, 1, -2.232056227939041e-32;
  0, 0, 0, 1]
[2401.387981447451, 0, 691.9216735852268;
  0, 2398.351383685467, 506.1636362753753;
  0, 0, 1]
[-0.4462436064285772, 0.5175484766959011, 0.000677872612826109, -0.0007766091162546327, -0.2635059052943683]
[1, 8.932980770161934e-36, -2.046038127337791e-33, -2.582161471894106e-07;
  -8.932980770161934e-36, 1, -4.070990456108914e-35, -1.040847715320618e-32;
  2.046038127337791e-33, 4.070990456108914e-35, 1, -2.232056227939041e-32;
  0, 0, 0, 1]
[2401.387981447451, 0, 691.9216735852268;
  0, 2398.351383685467, 506.1636362753753;
  0, 0, 1]
[-0.4462436064285772, 0.5175484766959011, 0.000677872612826109, -0.0007766091162546327, -0.2635059052943683]
[1, 8.932980770161934e-36, -2.046038127337791e-33, -2.582161471894106e-07;
  -8.932980770161934e-36, 1, -4.070990456108914e-35, -1.040847715320618e-32;
  2.046038127337791e-33, 4.070990456108914e-35, 1, -2.232056227939041e-32;
  0, 0, 0, 1]
[2401.387981447451, 0, 691.9216735852268;
  0, 2398.351383685467, 506.1636362753753;
  0, 0, 1]
[-0.4462436064285772, 0.5175484766959011, 0.000677872612826109, -0.0007766091162546327, -0.2635059052943683]
[1, 8.932980770161934e-36, -2.046038127337791e-33, -2.582161471894106e-07;
  -8.932980770161934e-36, 1, -4.070990456108914e-35, -1.040847715320618e-32;
  2.046038127337791e-33, 4.070990456108914e-35, 1, -2.232056227939041e-32;
  0, 0, 0, 1]
[2401.387981447451, 0, 691.9216735852268;
  0, 2398.351383685467, 506.1636362753753;
  0, 0, 1]
[-0.4462436064285772, 0.5175484766959011, 0.000677872612826109, -0.0007766091162546327, -0.2635059052943683]
[1, 8.932980770161934e-36, -2.046038127337791e-33, -2.582161471894106e-07;
  -8.932980770161934e-36, 1, -4.070990456108914e-35, -1.040847715320618e-32;
  2.046038127337791e-33, 4.070990456108914e-35, 1, -2.232056227939041e-32;
  0, 0, 0, 1]
[2401.387981447451, 0, 691.9216735852268;
  0, 2398.351383685467, 506.1636362753753;
  0, 0, 1]
[-0.4462436064285772, 0.5175484766959011, 0.000677872612826109, -0.0007766091162546327, -0.2635059052943683]
[nan, nan, nan, nan;
  nan, nan, nan, nan;
  nan, nan, -nan, nan;
  0, 0, 0, 1]
[2401.387981447451, 0, 691.9216735852268;
  0, 2398.351383685467, 506.1636362753753;
  0, 0, 1]
[-0.4462436064285772, 0.5175484766959011, 0.000677872612826109, -0.0007766091162546327, -0.2635059052943683]
[nan, nan, nan, nan;
  nan, nan, nan, nan;
  nan, nan, -nan, nan;
  0, 0, 0, 1]
[2401.387981447451, 0, 691.9216735852268;
  0, 2398.351383685467, 506.1636362753753;
  0, 0, 1]
[-0.4462436064285772, 0.5175484766959011, 0.000677872612826109, -0.0007766091162546327, -0.2635059052943683]
[nan, nan, nan, nan;
  nan, nan, nan, nan;
  nan, nan, -nan, nan;
  0, 0, 0, 1]
[2401.387981447451, 0, 691.9216735852268;
  0, 2398.351383685467, 506.1636362753753;
  0, 0, 1]
[-0.4462436064285772, 0.5175484766959011, 0.000677872612826109, -0.0007766091162546327, -0.2635059052943683]
[nan, nan, nan, nan;
  nan, nan, nan, nan;
  nan, nan, -nan, nan;
  0, 0, 0, 1]
[2401.387981447451, 0, 691.9216735852268;
  0, 2398.351383685467, 506.1636362753753;
  0, 0, 1]
[-0.4462436064285772, 0.5175484766959011, 0.000677872612826109, -0.0007766091162546327, -0.2635059052943683]
[nan, nan, nan, nan;
  nan, nan, nan, nan;
  nan, nan, -nan, nan;
  0, 0, 0, 1]
[2401.387981447451, 0, 691.9216735852268;
  0, 2398.351383685467, 506.1636362753753;
  0, 0, 1]
[-0.4462436064285772, 0.5175484766959011, 0.000677872612826109, -0.0007766091162546327, -0.2635059052943683]
[1, 7.977026931058702e-32, -2.264753796143346e-38, 2.809974121526346e-26;
  -7.977026931058702e-32, 1, -3.524365926095462e-31, 4.265217860402534e-33;
  2.264753796143346e-38, 3.524365926095462e-31, 1, 1.301078922010046e-31;
  0, 0, 0, 1]
[2401.387981447451, 0, 691.9216735852268;
  0, 2398.351383685467, 506.1636362753753;
  0, 0, 1]
[-0.4462436064285772, 0.5175484766959011, 0.000677872612826109, -0.0007766091162546327, -0.2635059052943683]
[1, 7.977026931058702e-32, -2.264753796143346e-38, 2.809974121526346e-26;
  -7.977026931058702e-32, 1, -3.524365926095462e-31, 4.265217860402534e-33;
  2.264753796143346e-38, 3.524365926095462e-31, 1, 1.301078922010046e-31;
  0, 0, 0, 1]
[2401.387981447451, 0, 691.9216735852268;
  0, 2398.351383685467, 506.1636362753753;
  0, 0, 1]
[-0.4462436064285772, 0.5175484766959011, 0.000677872612826109, -0.0007766091162546327, -0.2635059052943683]
[-0.5010264037942438, 0.8275263281984961, 0.2533233483896074, -0.01550201924337891;
  -0.496884962002121, -0.03540351616866033, -0.8670939542973681, -0.8148853702970535;
  -0.708574538942205, -0.5603095280121608, 0.4289234845303197, 0.9051807094399694;
  0, 0, 0, 1]
[2401.387981447451, 0, 691.9216735852268;
  0, 2398.351383685467, 506.1636362753753;
  0, 0, 1]
[-0.4462436064285772, 0.5175484766959011, 0.000677872612826109, -0.0007766091162546327, -0.2635059052943683]
[-0.5010264037942438, 0.8275263281984961, 0.2533233483896074, -0.01550201924337891;
  -0.496884962002121, -0.03540351616866033, -0.8670939542973681, -0.8148853702970535;
  -0.708574538942205, -0.5603095280121608, 0.4289234845303197, 0.9051807094399694;
  0, 0, 0, 1]
[2401.387981447451, 0, 691.9216735852268;
  0, 2398.351383685467, 506.1636362753753;
  0, 0, 1]
[-0.4462436064285772, 0.5175484766959011, 0.000677872612826109, -0.0007766091162546327, -0.2635059052943683]
[-0.5010264037942438, 0.8275263281984961, 0.2533233483896074, -0.01550201924337891;
  -0.496884962002121, -0.03540351616866033, -0.8670939542973681, -0.8148853702970535;
  -0.708574538942205, -0.5603095280121608, 0.4289234845303197, 0.9051807094399694;
  0, 0, 0, 1]
[2401.387981447451, 0, 691.9216735852268;
  0, 2398.351383685467, 506.1636362753753;
  0, 0, 1]
[-0.4462436064285772, 0.5175484766959011, 0.000677872612826109, -0.0007766091162546327, -0.2635059052943683]
[-0.5010264037942438, 0.8275263281984961, 0.2533233483896074, -0.01550201924337891;
  -0.496884962002121, -0.03540351616866033, -0.8670939542973681, -0.8148853702970535;
  -0.708574538942205, -0.5603095280121608, 0.4289234845303197, 0.9051807094399694;
  0, 0, 0, 1]
[2401.387981447451, 0, 691.9216735852268;
  0, 2398.351383685467, 506.1636362753753;
  0, 0, 1]
[-0.4462436064285772, 0.5175484766959011, 0.000677872612826109, -0.0007766091162546327, -0.2635059052943683]
[-0.5010264037942438, 0.8275263281984961, 0.2533233483896074, -0.01550201924337891;
  -0.496884962002121, -0.03540351616866033, -0.8670939542973681, -0.8148853702970535;
  -0.708574538942205, -0.5603095280121608, 0.4289234845303197, 0.9051807094399694;
  0, 0, 0, 1]
[2401.387981447451, 0, 691.9216735852268;
  0, 2398.351383685467, 506.1636362753753;
  0, 0, 1]
[-0.4462436064285772, 0.5175484766959011, 0.000677872612826109, -0.0007766091162546327, -0.2635059052943683]
[-9.281346043054015, 2.658191666492592, 4.892562377294568, -29.97173713348329;
  22.74597631054264, -4.366038568984248, -15.13848867320488, 4.34899206691941;
  48.73188355523821, -12.33301191840897, -28.11816056783491, -4.37971197494335;
  0, 0, 0, 1]
[2401.387981447451, 0, 691.9216735852268;
  0, 2398.351383685467, 506.1636362753753;
  0, 0, 1]
[-0.4462436064285772, 0.5175484766959011, 0.000677872612826109, -0.0007766091162546327, -0.2635059052943683]
[-9.281346043054015, 2.658191666492592, 4.892562377294568, -29.97173713348329;
  22.74597631054264, -4.366038568984248, -15.13848867320488, 4.34899206691941;
  48.73188355523821, -12.33301191840897, -28.11816056783491, -4.37971197494335;
  0, 0, 0, 1]
[2401.387981447451, 0, 691.9216735852268;
  0, 2398.351383685467, 506.1636362753753;
  0, 0, 1]
[-0.4462436064285772, 0.5175484766959011, 0.000677872612826109, -0.0007766091162546327, -0.2635059052943683]
[-9.281346043054015, 2.658191666492592, 4.892562377294568, -29.97173713348329;
  22.74597631054264, -4.366038568984248, -15.13848867320488, 4.34899206691941;
  48.73188355523821, -12.33301191840897, -28.11816056783491, -4.37971197494335;
  0, 0, 0, 1]
[2401.387981447451, 0, 691.9216735852268;
  0, 2398.351383685467, 506.1636362753753;
  0, 0, 1]
[-0.4462436064285772, 0.5175484766959011, 0.000677872612826109, -0.0007766091162546327, -0.2635059052943683]
[-9.281346043054015, 2.658191666492592, 4.892562377294568, -29.97173713348329;
  22.74597631054264, -4.366038568984248, -15.13848867320488, 4.34899206691941;
  48.73188355523821, -12.33301191840897, -28.11816056783491, -4.37971197494335;
  0, 0, 0, 1]
