[0.9274328947287771, 0.3739521640055009, 0.005291957162050664;
  0.2582816776981899, -0.630198432078231, -0.7322161642380942;
  -0.270478836030493, 0.6804481723406584, -0.6810517484140595]
[-219.1501515563111; 146.3095747274825; 656.454031306101]
[0.9274328947287771, 0.3739521640055009, 0.005291957162050664;
  0.2582816776981899, -0.630198432078231, -0.7322161642380942;
  -0.270478836030493, 0.6804481723406584, -0.6810517484140595]
[-219.1501515563111; 146.3095747274825; 656.454031306101]
[0.9274328947287771, 0.3739521640055009, 0.005291957162050664;
  0.2582816776981899, -0.630198432078231, -0.7322161642380942;
  -0.270478836030493, 0.6804481723406584, -0.6810517484140595]
[-219.1501515563111; 146.3095747274825; 656.454031306101]
