========================7张图标定结果（最终结果）=======================
------------------------cameraMatrix------------------
[534.3204373063835, 0, 313.7393788817573;
  0, 533.8588783481653, 227.0876517811899;
  0, 0, 1]
------------------------distCoeffs--------------------
[0.08196846619011872, -0.3935471420887177, -0.007501365378805181, -0.0007217932964177085, 0.5548451152000857]
------------------------rvecs-------------------------
[2.266862914643869; 0.43564772839575; -0.2107184541566799]
------------------------rotMatrix---------------------
[0.9267921569115496, 0.3754004731680518, -0.01143602345398795;
  0.2420153106616959, -0.6202203148661301, -0.7461604052967976;
  -0.287201823275132, 0.688767918658064, -0.6656679855114549]
------------------------JacoMatrix--------------------
[0.03050154459717414, -0.08099111809504642, -0.1867355167233775, 0.09611481080847886, -0.7421826640611395, 0.6480885583801999, 0.1794203376417591, -0.6241763733341383, -0.7232472044908963;
  -0.266503921040297, 0.6668814710380658, 0.2932729179743519, 0.7009178457627198, 0.1297324113765424, 0.1195053671104687, -0.2693607329282904, -0.2466504872546679, -0.1389942901573895;
  0.1289052842651138, -0.2963132843691084, 0.719853305332963, 0.3202254694151699, 0.06899031373382336, 0.04651851278786116, 0.6858169306083091, 0.2236244416913864, -0.06451043549258131]
------------------------tvecs-------------------------
[-220.4401316784405; 158.8516409449744; 696.4684375087104]



========================6张图标定结果=======================
------------------------cameraMatrix------------------
[534.3129416207215, 0, 315.6370789750388;
  0, 534.0090919314994, 221.8221603486163;
  0, 0, 1]
------------------------distCoeffs--------------------
[0.07229781157284687, -0.3383751316809853, -0.01113886015667767, 9.482585010773063e-05, 0.4459715842205352]
------------------------rvecs-------------------------
[2.065262582386425; 1.933130605148599; -0.4130315266091543]
------------------------rotMatrix---------------------
[0.06275613997020379, 0.9979017217141771, -0.01593175118815898;
  0.9172809206765552, -0.06396152475069572, -0.3930707772327239;
  -0.3932650244540083, 0.01005371331634933, -0.919370188438662]
------------------------JacoMatrix--------------------
[0.3773064031629854, -0.03224510793773012, -0.533472760087216, 0.1885810439460899, -0.5623964447237035, 0.53159262869394, 0.5000701176887008, -0.3774013910669042, -0.218034448988355;
  -0.5741643203294902, 0.03117456358782122, -0.3090172396226356, 0.237872634944218, 0.400916023913929, 0.4898680862374691, 0.4632084772496714, -0.5436747915384477, -0.2040849768502882;
  0.1226756045962903, 0.001580686576462403, 0.5822346306795665, 0.1526105510505733, 0.1124735731450586, 0.3378342355414719, 0.3755365593231698, 0.5586603874252919, -0.1545283767037269]
------------------------tvecs-------------------------
[-269.0235847561785; -54.51743571770846; 737.8527900993817]

========================5张图标定结果=======================
------------------------cameraMatrix------------------
[534.5822951940119, 0, 316.5341599226683;
  0, 534.9346016883028, 215.6412823377246;
  0, 0, 1]
------------------------distCoeffs--------------------
[0.06937411472032708, -0.2365820505475904, -0.01513681931553495, 0.0005613605917436582, 0.06105486570079966]
------------------------rvecs-------------------------
[1.983267963963314; 2.107489604527701; -0.4406540376809625]
------------------------rotMatrix---------------------
[-0.06958739513824674, 0.9963944345176219, -0.04853581461335896;
  0.9323685924484304, 0.04765995657218502, -0.3583536470517223;
  -0.35474836469476, -0.07019016599101555, -0.9323234086649049]
------------------------JacoMatrix--------------------
[0.4171574271152398, 0.003069638716965667, -0.5350755517104302, 0.2171973165837669, -0.5437656134775899, 0.4927872571574679, 0.4890200347520384, -0.3256478207096809, -0.1615552946983569;
  -0.5292316040701082, -0.05585635528715675, -0.3879014484142415, 0.1716831720715816, 0.3946933361935168, 0.499180254548818, 0.5550408848620284, -0.5249153319136506, -0.1716742822048097;
  0.1106567940837501, 0.03470913590445923, 0.5538934908508146, 0.1324303005433276, 0.1208170138805297, 0.3606269605822643, 0.3263539634920763, 0.5747546384490655, -0.1674479658950883]
------------------------tvecs-------------------------
[25.2736393660657; -117.5651534212636; 789.2040920511489]

